 903942
 903945
 903948
 903950
 903953
 903956
 903958
 903961
 903968
 903970
 903976
1658137
1658147
1658152
1658153
1658154
1658155
1658156
1658157
1658158
1658159
1658160
1658161
1658163
1658164
1658165
1658166
1658167
1658168
1658169
1658170
1658171
1658172
1658173
1658174
1658175
1658176
1658177
1658178
1658179
1658180
1658181
1658185
1658186
1658187
1658189
1658190
1658191
1658192
1658193
1658194
1658195
1658196
1658197
1658198
1658199
1658200
1658201
1658202
1658206
1658207
1658208
1658210
1658211
1658212
1658214
1658215
1658216
1658217
1658218
1658219
1658220
1658221
1658222
1658223
1658224
1658225
1658226
1658227
1658228
1658229
1658230
1658231
1658232
1658233
1658234
1658235
1658236
1658237
1658238
1658239
1658240
1658241
1658242
1658243
1658244
1658245
1658246
1658247
1658248
1658249
1658250
1658251
1658252
1658253
1658254
1658255
1658256
1658257
1658258
1658259
1658260
1658261
1658262
1658263
1658264
1658265
1658266
1658267
1658268
1658269
1658270
1658271
1658272
1658273
1658274
1658275
1658276
1658277
1658278
1658279
1658280
1658281
1658282
1658283
1658284
1658285
1658286
1658287
1658288
1658289
1658290
1658291
1658292
1658293
1658299
1658304
1658305
1658306
1658307
1658308
1658309
1658310
1658312
1658313
1658314
1658315
1658316
1658317
1658318
1658319
1658320
1658321
1658322
1658323
1658324
1658325
1658326
1658327
1658328
1658329
1658330
1658331
1658332
1658333
1658334
1658335
1658336
1658337
1658338
1658339
1658340
1658341
1658342
1658343
1658344
1658345
1658346
1658347
1658348
1658349
1658350
1658351
1658352
1658353
1658354
1658355
1658356
1658357
1658358
1658359
1658360
1658362
1658363
1658364
1658365
1658366
1658367
1658368
1658369
1658370
1658371
1658372
1658373
1658374
1658375
1658376
1658377
1658378
1658379
1658380
1658381
1658382
1658383
1658384
1658385
1658386
1658387
1658388
1658389
1658390
1658391
1658392
1658393
1658394
1658395
1658396
1658397
1658398
1658399
1658400
1658401
1658402
1658403
1658404
1658405
1658406
1658408
1658409
1658410
1658411
1658412
1658413
1658414
1658415
1658416
1658417
1658418
1658419
1658420
1658421
1658422
1658423
1658424
1658425
1658429
1658430
1658431
1658432
1658433
1658434
1658435
1658436
1658437
1658438
1658439
1658440
1658441
1658442
1658443
1658444
1658445
1658446
1658449
1658450
1658451
1658452
1658453
1658454
1658455
1658456
1658457
1658458
1658459
1658460
1658461
1658462
1658463
1658464
1658465
1658466
1658467
1658468
1658469
1658470
1658471
1658473
1658477
1658478
1658479
1658480
1658481
1658482
1658483
1658484
1658485
1658486
1658487
1658488
1658489
1658490
1658491
1658492
1658493
1658494
1658495
1658496
1658497
1658498
1658499
1658500
1658501
1658502
1658503
1658504
1658505
1658506
1658507
1658508
1658509
1658510
1658511
1658512
1658513
1658514
1658515
1658518
1658519
1658522
1658523
1658528
1658529
1658530
1658531
1658532
1658533
1658534
1658535
1658536
1658537
1658540
1658543
1658544
1658545
1658546
1658547
1658548
1658549
1658550
1658551
1658552
1658553
1658554
1658555
1658556
1658557
1658558
1658559
1658560
1658561
1658562
1658563
1658564
1658565
1658566
1658567
1658568
1658569
1658570
1658571
1658572
1658573
1658574
1658575
1658576
1658577
1658578
1658579
1658580
1658581
1658582
1658583
1658584
1658585
1658586
1658587
1658588
1658589
1658590
1658591
1658592
1658593
1658594
1658595
1658596
1658597
1658598
1658599
1658600
1658601
1658602
1658603
1658604
1658605
1658606
1658607
1658608
1658609
1658610
1658611
1658612
1658614
1658615
1658616
1658617
1658618
1658619
1658620
1658621
1658622
1658623
1658624
1658625
1658626
1658627
1658628
1658629
1658630
1658631
1658632
1658633
1658634
1658636
1658637
1658638
1658639
1658640
1658641
1658642
1658643
1658644
1658645
1658646
1658647
1658648
1658649
1658650
1658651
1658652
1658653
1658654
1658655
1658656
1658657
1658658
1658659
1658660
1658661
1658662
1658663
1658664
1658665
1658666
1658667
1658668
1658669
1658670
1658671
1658672
1658673
1658674
1658675
1658676
1658677
1658678
1658679
1658680
1658681
1658682
1658683
1658684
1658685
1658686
1658687
1658688
1658689
1658690
1658691
1658692
1658693
1658694
1658695
1658696
1658697
1658698
1658699
1658700
1658701
1658702
1658703
1658704
1658705
1658706
1658707
1658708
1658709
1658710
1658711
1658712
1658713
1658714
1658715
1658716
1658717
1658718
1658719
1658720
1658721
1658722
1658723
1658724
1658725
1658726
1658727
1658728
1658729
1658730
1658731
1658732
1658733
1658734
1658735
1658736
1658737
1658738
1658739
1658740
1658741
1658742
1658743
1658744
1658745
1658746
1658747
1658748
1658749
1658750
1658751
1658752
1658753
1658754
1658755
1658756
1658757
1658758
1658759
1658760
1658761
1658763
1658764
1658765
1658766
1658767
1658768
1658769
1658770
1658771
1658772
1658773
1658774
1658775
1658776
1658777
1658778
1658779
1658780
1658781
1658782
1658783
1658784
1658785
1658786
1658787
1658788
1658789
1658790
1658791
1658792
1658793
1658794
1658797
1658800
1658801
1658802
1658803
1658804
1658805
1658806
1658807
1658808
1658809
1658810
1658811
1658812
1658813
1658814
1658815
1658816
1658817
1658818
1658819
1658820
1658821
1658822
1658823
1658824
1658825
1658826
1658829
1658830
1658831
1658832
1658833
1658834
1658835
1658836
1658837
1658838
1658839
1658840
1658841
1658842
1658843
1658844
1658846
1658847
1658848
1658849
1658850
1658851
1658852
1658853
1658854
1658855
1658856
1658857
1658858
1658859
1658861
1658862
1658863
1658864
1658865
1658866
1658867
1658868
1658869
1658870
1658871
1658872
1658873
1658874
1658875
1658876
1658877
1658878
1658879
1658880
1658881
1658882
1658883
1658884
1658885
1658886
1658887
1658888
1658889
1658890
1658891
1658892
1658893
1658894
1658895
1658896
1658897
1658898
1658899
1658900
1658901
1658902
1658903
1658904
1658905
1658906
1658907
1658908
1658909
1658910
1658911
1658912
1658913
1658914
1658915
1658916
1658917
1658918
1658919
1658920
1658921
1658922
1658923
1658924
1658926
1658927
1658928
1658929
1658930
1658931
1658932
1658933
1658934
1658935
1658936
1658937
1658938
1658939
1658940
1658941
1658942
1658943
1658944
1658945
1658946
1658947
1658948
1658949
1658950
1658951
1658952
1658953
1658954
1658955
1658956
1658957
1658958
1658959
1658960
1658961
1658962
1658963
1658965
1658967
1658968
1658969
1658970
1658971
1658972
1658973
1658974
1658975
1658976
1658979
1658980
1658981
1658982
1658983
1658984
1658985
1658988
1658989
1658991
1658992
1658997
1658999
1659000
1659001
1659002
1659003
1659004
1659005
1659006
1659007
1659008
1659009
1659010
1659011
1659012
1659013
1659014
1659015
1659016
1659017
1659018
1659019
1659020
1659021
1659022
1659023
1659024
1659025
1659026
1659027
1659028
1659029
1659030
1659031
1659032
1659033
1659034
1659035
1659036
1659039
1659040
1659041
1659042
1659043
1659044
1659045
1659046
1659047
1659048
1659049
1659050
1659051
1659052
1659053
1659054
1659055
1659056
1659057
1659058
1659059
1659060
1659061
1659062
1659063
1659064
1659065
1659066
1659067
1659068
1659069
1659070
1659071
1659072
1659073
1659074
1659075
1659076
1659077
1659078
1659079
1659080
1659081
1659082
1659083
1659084
1659085
1659086
1659087
1659088
1659089
1659090
1659092
1659093
1659094
1659095
1659096
1659097
1659098
1659100
1659101
1659102
1659103
1659104
1659105
1659106
1659107
1659108
1659109
1659110
1659111
1659112
1659113
1659114
1659115
1659116
1659117
1659118
1659119
1659120
1659121
1659122
1659123
1659124
1659125
1659126
1659127
1659128
1659129
1659130
1659131
1659132
1659133
1659134
1659135
1659136
1659137
1659138
1659139
1659140
1659141
1659142
1659143
1659144
1659145
1659146
1659147
1659148
1659149
1659150
1659151
1659152
1659153
1659154
1659155
1659156
1659157
1659158
1659159
1659160
1659161
1659162
1659163
1659164
1659165
1659166
1659167
1659168
1659169
1659170
1659171
1659172
1659173
1659174
1659175
1659176
1659177
1659178
1659179
1659180
1659181
1659182
1659183
1659184
1659185
1659186
1659187
1659188
1659189
1659190
1659191
1659192
1659193
1659194
1659195
1659196
1659197
1659198
1659199
1659200
1659201
1659202
1659203
1659204
1659205
1659206
1659207
1659208
1659210
1659211
1659212
1659213
1659214
1659215
1659216
1659217
1659218
1659219
1659220
1659221
1659222
1659223
1659224
1659225
1659226
1659227
1659228
1659229
1659230
1659231
1659232
1659233
1659234
1659235
1659236
1659237
1659238
1659239
1659240
1659241
1659242
1659243
1659246
1659247
1659248
1659249
1659252
1659253
1659254
1659255
1659256
1659257
1659258
1659259
1659262
1659263
1659264
1659265
1659266
1659267
1659268
1659271
1659272
1659273
1659274
1659275
1659276
1659277
1659278
1659279
1659280
1659281
1659282
1659283
1659284
1659285
1659286
1659287
1659288
1659289
1659290
1659291
1659292
1659293
1659294
1659295
1659296
1659297
1659298
1659299
1659300
1659301
1659302
1659304
1659305
1659306
1659307
1659308
1659309
1659310
1659311
1659312
1659316
1659317
1659318
1659319
1659323
1659324
1659327
1659328
1659329
1659330
1659331
1659332
1659333
1659334
1659335
1659336
1659337
1659338
1659339
1659340
1659341
1659342
1659343
1659344
1659345
1659346
1659347
1659348
1659349
1659350
1659351
1659352
1659353
1659354
1659357
1659358
1659359
1659360
1659361
1659363
1659364
1659365
1659366
1659367
1659368
1659369
1659370
1659371
1659372
1659373
1659374
1659375
1659376
1659379
1659380
1659381
1659382
1659383
1659384
1659386
1659388
1659391
1659392
1659393
1659394
1659395
1659396
1659397
1659398
1659399
1659400
1659401
1659402
1659403
1659404
1659405
1659407
1659408
1659409
1659410
1659411
1659412
1659413
1659414
1659415
1659416
1659417
1659418
1659419
1659420
1659421
1659422
1659423
1659424
1659425
1659426
1659427
1659428
1659429
1659430
1659431
1659432
1659433
1659434
1659435
1659436
1659437
1659438
1659439
1659440
1659441
1659442
1659443
1659444
1659445
1659446
1659447
1659448
1659449
1659450
1659451
1659452
1659453
1659454
1659455
1659456
1659458
1659459
1659460
1659461
1659462
1659463
1659464
1659465
1659466
1659467
1659468
1659469
1659470
1659471
1659472
1659473
1659474
1659475
1659476
1659477
1659478
1659479
1659480
1659481
1659482
1659483
1659484
1659485
1659486
1659487
1659488
1659489
1659490
1659491
1659492
1659493
1659494
1659495
1659496
1659497
1659498
1659499
1659500
1659501
1659502
1659503
1659504
1659505
1659506
1659507
1659508
1659509
1659510
1659511
1659512
1659513
1659514
1659515
1659516
1659517
1659518
1659519
1659520
1659521
1659522
1659523
1659524
1659525
1659526
1659527
1659528
1659529
1659530
1659531
1659532
1659533
1659534
1659535
1659536
1659537
1659538
1659539
1659540
1659541
1659542
1659543
1659544
1659545
1659546
1659547
1659548
1659549
1659550
1659551
1659552
1659553
1659554
1659555
1659556
1659557
1659558
1659559
1659560
1659561
1659562
1659563
1659564
1659565
1659566
1659567
1659568
1659569
1659570
1659571
1659572
1659573
1659574
1659575
1659577
1659578
1659579
1659580
1659581
1659582
1659584
1659585
1659586
1659587
1659588
1659589
1659590
1659591
1659592
1659593
1659594
1659595
1659596
1659597
1659598
1659599
1659600
1659601
1659602
1659603
1659604
1659605
1659606
1659607
1659608
1659609
1659610
1659611
1659612
1717249
1967584
1967585
1967586
1967587
3609635
3997488
4004146
4004510
4004868
4005248
4006029
4006969
4007337
4007436
4007644
4007814
4007962
4008086
4008190
4008270
4085400
4085402
4085403
4085404
4085405
4085406
4085407
4085408
4085409
4085410
4085411
4085412
4085413
4085414
4085415
4085416
4085417
4085418
4085419
4085420
4085421
4085422
4085423
4085424
4085425
4085426
4085427
4085428
4085429
4085430
4085431
4085432
4085433
4085434
4085435
4085436
4085437
4085438
4085439
4085440
4085441
4085442
4085443
4085444
4085445
4085446
4085447
4085448
4085449
4085450
4085451
4085452
4085453
4085454
4085455
4085456
4085457
4085458
4085459
4085460
4085461
4085462
4085463
4085464
4085465
4085466
4085467
4085468
4085469
4085470
4085471
4085472
4085473
4085474
4085475
4085476
4085477
4085478
4085479
4085480
4085481
4085482
4085483
4085484
4085485
4085486
4085487
4085488
4085489
4085490
4085491
4085492
4085493
4085494
4085495
4085496
4085497
4085498
4085499
4085500
4085502
4085503
4085504
4085505
4085506
4085507
4085508
4085511
4085512
4085513
4085514
4085515
4085516
4085517
4085518
4085519
4085520
4085521
4085522
4085523
4085524
4085525
4085526
4085527
4085528
4085529
4085530
4085531
4085532
4085533
4085534
4085535
4085536
4085537
4085538
4085539
4085540
4085541
4085542
4085543
4085544
4085545
4085546
4085547
4085548
4085549
4085550
4085551
4085552
4085553
4085554
4085555
4085556
4085557
4085558
4085559
4085560
4085561
4085562
4085563
4085564
4085565
4085566
4085567
4085568
4085569
4085570
4085571
4085572
4085573
4085574
4085575
4085576
4085577
4085578
4085579
4085580
4085581
4085582
4085583
4085584
4085585
4085586
4085587
4085588
4085589
4085590
4085591
4085592
4085593
4085594
4085595
4085596
4085597
4085598
4085599
4085600
4085601
4085602
4085603
4085604
4085605
4085606
4085607
4085608
4085609
4085610
4085611
4085612
4085613
4085614
4085615
4085616
4085617
4085618
4085619
4085620
4085621
4085622
4085623
4085624
4085625
4085626
4085627
4085628
4085629
4085630
4085631
4085632
4085633
4085634
4085635
4085636
4085637
4085638
4085639
4085640
4085641
4085642
4085643
4085644
4085645
4085646
4085647
4085648
4085649
4085650
4085651
4085652
4085653
4085654
4085655
4085656
4085657
4085658
4085659
4085660
4085661
4085662
4085663
4085664
4085665
4085666
4085667
4085668
4085669
4085670
4085671
4085672
4085673
4085674
4085675
4085676
4085677
4085678
4085679
4085680
4085681
4085682
4085683
4085684
4085685
4085686
4085687
4085688
4085689
4085690
4085691
4085692
4085693
4085694
4085695
4085696
4085697
4085698
4085699
4085700
4085701
4085702
4085703
4085704
4085705
4085706
4085707
4085708
4085709
4085710
4085711
4085712
4085713
4085714
4085715
4085716
4085717
4085718
4085719
4085720
4085721
4085722
4085723
4085724
4085725
4085726
4085727
4085728
4085729
4085730
4085731
4085732
4085733
4085734
4085735
4085736
4085737
4085738
4085739
4085740
4085741
4085742
4085743
4085744
4085745
4085746
4085747
4085748
4085749
4085750
4085751
4085752
4085753
4085754
4085755
4085756
4085757
4085758
4085759
4085760
4085761
4085762
4085763
4085764
4085765
4085766
4085767
4085768
4085769
4085770
4085771
4085772
4085773
4085774
4085775
4085776
4085777
4085778
4085779
4085780
4085781
4085782
4085783
4085784
4085785
4085786
4085787
4085788
4085789
4085790
4085791
4085792
4085793
4085794
4085795
4085796
4085797
4085798
4085799
4085800
4085801
4085802
4085803
4085804
4085805
4085806
4085807
4085808
4085813
4085814
4085815
4085816
4085817
4085818
4085819
4085820
4085821
4085822
4085823
4085824
4085825
4085826
4085827
4085828
4085829
4085830
4085831
4085832
4085833
4085834
4085835
4085836
4085837
4085838
4085839
4085840
4085841
4085842
4085843
4085844
4085845
4085846
4085847
4085848
4085849
4085850
4085851
4085852
4085853
4085854
4085855
4085856
4085857
4085858
4085859
4085860
4085861
4085862
4085863
4085864
4085865
4085866
4085867
4085868
4085869
4085870
4085871
4085872
4085873
4085874
4085875
4085876
4085877
4085878
4085879
4085880
4085881
4085882
4085883
4085884
4085885
4085886
4085887
4085888
4085889
4085890
4085891
4085892
4085893
4085894
4085895
4085896
4085897
4085898
4085899
4085900
4085901
4085902
4085903
4085904
4085905
4085906
4085907
4085908
4085909
4085910
4085911
4085912
4085913
4085914
4085915
4085920
4085921
4085922
4085923
4085924
4085925
4085926
4085927
4085928
4085929
4085930
4085931
4085932
4085933
4085934
4085935
4085936
4085937
4085938
4085939
4085940
4085941
4085942
4085943
4085944
4085945
4085946
4085947
4085948
4085949
4085950
4085951
4085952
4085953
4085954
4085955
4085956
4085957
4085958
4085959
4085960
4085961
4085962
4085963
4085964
4085965
4085966
4085967
4085968
4085969
4085970
4085971
4085972
4085973
4085974
4085975
4085976
4085977
4085978
4085979
4085980
4085981
4085982
4085983
4085984
4085985
4085986
4085987
4085988
4085989
4085990
4085991
4085992
4085993
4085994
4085995
4085996
4085997
4085998
4085999
4086000
4086001
4086002
4086003
4086004
4086005
4086006
4086007
4086008
4086009
4086010
4086011
4086012
4086013
4086014
4086015
4086016
4086017
4086018
4086019
4086020
4086021
4086022
4086023
4086024
4086025
4086026
4086027
4086028
4086029
4086030
4086031
4086032
4086033
4086034
4086035
4086036
4086037
4086038
4086039
4086040
4086041
4086042
4086043
4086044
4086045
4086046
4086047
4086048
4086049
4086050
4086051
4086052
4086053
4086054
4086055
4086056
4086057
4086058
4086059
4086060
4086061
4086062
4086063
4086064
4086065
4086066
4086067
4086068
4086069
4086070
4086071
4086072
4086073
4086074
4086075
4086076
4086077
4086078
4086079
4086080
4086081
4086082
4086083
4086084
4086085
4086086
4086087
4086088
4086089
4086090
4086091
4086092
4086093
4086094
4086095
4086096
4086097
4086098
4086099
4086100
4086101
4086102
4086103
4086104
4086105
4086106
4086107
4086108
4086109
4086110
4086111
4086112
4086113
4086114
4086115
4086116
4086117
4086118
4086119
4086120
4086121
4086122
4086123
4086124
4086125
4086126
4086127
4086128
4086129
4086130
4086131
4086132
4086133
4086134
4086135
4086136
4086137
4086138
4086139
4086140
4086141
4086142
4086143
4086144
4086145
4086146
4086147
4086148
4086149
4086150
4086151
4086152
4086153
4086154
4086155
4086156
4086157
4086158
4086159
4086160
4086161
4086162
4086163
4086164
4086165
4086166
4086167
4086168
4086169
4086170
4086171
4086172
4086173
4086174
4086175
4086176
4086177
4086178
4086179
4086180
4086181
4086182
4086183
4086184
4086185
4086186
4086187
4086188
4086189
4086190
4086191
4086192
4086193
4086194
4086195
4086196
4086197
4086198
4086199
4086200
4086201
4086202
4086203
4086204
4086205
4086206
4086207
4086208
4086209
4086210
4086211
4086212
4086213
4086214
4086215
4086216
4086217
4086218
4086219
4086220
4086221
4086222
4086223
4086224
4086225
4086226
4086227
4086228
4086229
4086230
4086231
4086232
4086233
4086234
4086235
4086236
4086237
4086238
4086239
4086240
4086241
4086242
4086243
4086244
4086245
4086246
4086247
4086248
4086249
4086250
4086251
4086252
4086253
4086254
4086255
4086256
4086257
4086258
4086259
4086260
4086261
4086262
4086263
4086264
4086265
4086266
4086267
4086268
4086269
4086270
4086271
4086272
4086273
4086274
4086275
4086276
4086277
4086278
4086279
4086280
4086281
4086282
4086283
4086284
4086285
4086286
4086287
4086288
4086289
4086290
4086291
4086292
4086293
4086294
4086295
4086296
4086297
4086298
4086299
4086300
4086301
4086302
4086303
4086304
4086305
4086306
4086307
4086308
4086309
4086310
4086311
4086312
4086313
4086314
4086315
4086316
4086317
4086318
4086319
4086320
4086321
4086322
4086323
4086324
4086325
4086326
4086327
4086328
4086329
4086330
4086331
4086332
4086333
4086334
4086335
4086336
4086337
4086338
4086339
4086340
4086341
4086342
4086343
4086344
4086345
4086346
4086347
4086348
4086349
4086350
4086351
4086352
4086353
4086354
4086355
4086356
4086357
4086358
4086359
4086360
4086361
4086362
4086363
4086364
4086365
4086366
4086367
4086368
4086369
4086370
4086371
4086372
4086373
4086374
4086375
4086376
4086377
4086378
4086379
4086380
4086381
4086382
4086383
4086384
4086385
4086386
4086387
4086388
4086389
4086390
4086391
4086392
4086393
4086394
4086395
4086396
4086397
4086398
4086399
4086400
4086401
4086402
4086403
4086404
4086405
4086406
4086407
4086408
4086409
4086410
4086411
4086412
4086422
4086423
4086424
4086426
4086427
4086428
4086429
4086430
4086431
4086432
4086433
4086434
4086435
4086436
4086437
4086438
4086439
4086440
4086441
4086442
4086443
4086444
4086445
4086446
4086447
4086448
4086449
4086450
4086451
4086452
4086453
4086454
4086455
4086456
4086457
4086458
4086459
4086460
4086461
4086462
4086463
4086464
4086465
4086466
4086467
4086468
4086469
4086470
4086471
4086472
4086473
4086474
4086475
4086476
4086477
4086478
4086479
4086480
4086481
4086482
4086483
4086484
4086485
4086486
4086487
4086488
4086489
4086490
4086491
4086492
4086493
4086494
4086495
4086496
4086497
4086498
4086499
4086500
4086501
4086502
4086503
4086504
4086505
4086506
4086507
4086508
4086509
4086510
4086511
4086512
4086513
4086514
4086515
4086516
4086517
4086518
4086519
4086520
4086521
4086522
4086523
4086524
4086525
4086526
4086527
4086528
4086529
4086530
4086531
4086532
4086533
4086534
4086535
4086536
4086537
4086538
4086539
4086540
4086541
4086542
4086543
4086544
4086545
4086546
4086547
4086548
4086549
4086550
4086551
4086552
4086553
4086554
4086555
4086556
4086557
4086558
4086559
4086560
4086561
4086562
4086563
4086564
4086565
4086566
4086567
4086568
4086569
4086570
4086571
4086572
4086573
4086574
4086575
4086576
4086577
4086578
4086579
4086580
4086581
4086582
4086583
4086584
4086585
4086586
4086587
4086588
4086589
4086590
4086591
4086592
4086593
4086594
4086595
4086596
4086597
4086598
4086599
4086600
4086601
4086602
4086603
4086604
4086605
4086606
4086607
4086608
4086609
4086610
4086611
4086612
4086613
4086614
4086615
4086616
4086617
4086618
4086619
4086620
4086621
4086622
4086623
4086624
4086625
4086626
4086627
4086628
4086629
4086630
4086631
4086632
4086633
4086634
4086635
4086636
4086637
4086638
4086639
4086640
4086641
4086642
4086643
4086644
4086645
4086646
4086647
4086648
4086649
4086650
4086651
4086652
4086653
4086654
4086655
4086656
4086657
4086658
4086659
4086660
4086661
4086662
4086663
4086664
4086665
4086666
4086667
4086668
4086669
4086670
4086671
4086672
4086673
4086674
4086675
4086676
4086677
4086678
4086679
4086680
4086681
4086682
4086683
4086684
4086685
4086686
4086687
4086688
4086689
4086690
4086691
4086692
4086693
4086694
4086695
4086696
4086697
4086698
4086699
4086700
4086701
4086702
4086703
4086704
4086705
4086706
4086707
4086708
4086836
4086837
4086838
4086839
4086840
4086841
4086842
4086843
4086844
4086845
4086846
4086847
4086848
4086849
4086850
4086885
4123965
4123966
4123967
4123968
4123969
4123970
4123971
4123972
4123973
4129279
4129280
4134934
4134935
4134936
4134937
4134938
4134939
4134940
4134941
4134942
4134943
4134944
4134945
4134946
4134956
4134957
4134958
4134959
4134960
4134961
4134962
4134963
4134964
4134965
4134966
4134980
4134981
4179933
4179934
4179935
4179936
4179937
4179938
4179939
4179940
4179941
4179942
4179943
4179944
4179945
4179946
4179947
4179948
4179949
4179950
4179951
4179952
4179953
4179954
4179955
4179956
4179957
4179958
4179959
4179960
4179961
4179962
4179963
4179968
4179969
4179970
4179972
4179973
4179974
4179975
4179976
4179977
4179981
4179982
4179983
4179984
4179985
4179986
4179987
4179988
4179989
